#out_chN[msb-lsb],...,out_ch1[msb-lsb],out_ch0[msb-lsb]
#out_chN[msb-lsb],...,out_ch1[msb-lsb],out_ch0[msb-lsb]
#----------------------------------------------#
00011110110100001100100110010100
01110011001001010011011111101101
01000000101111100000011010100100
10000011010001101101000011100011
11011011100001010010110101001001
11001101110001100011110001011011
10110100110100100011011001111100
01001011010010001010101100100011
10011101001100000000100110011011
01000001001000000101110000110110
11011001111010101011000011101110
00011001011010111011110001010110
00011101110110110100110110100001
10100011111010011101011001100110
10100111101001101100010010111001
01100110101111100111101010110001
01011001110001101101110010110110
10011010001000001001111010000101
11000010010000110001000100100100
01110111011010010001000110110111
01001011000000110010011010011010
01101101011111101010001010001010
00101101110110001011111010111101
11000000100000011001000010110000
00000101010110011100001101000011
11101000011011011000110100101010
10010100010010101101010000000101
10000001010001000001011101110111
01111101001101111000101111001100
10111011000011011010110010001000
00111010101100011001100100010001
10111101100101110010000010111100
01011011010100011101011011100001
00010100001110111101100101111110
11010111110110101101010010100001
10111001001010101011001100110011
